2 0.58828125 0.5069444444444444 0.2609375 0.10833333333333334
2 0.22890625 0.6013888888888889 0.2390625 0.13055555555555556
2 0.29453125 0.8444444444444444 0.2078125 0.28888888888888886
2 0.678125 0.6805555555555556 0.059375 0.15555555555555556
2 0.68046875 0.7097222222222223 0.2484375 0.10833333333333334
2 0.51484375 0.8625 0.1546875 0.25277777777777777
2 0.4828125 0.8930555555555556 0.125 0.19166666666666668
2 0.1890625 0.7333333333333333 0.24375 0.19444444444444445
3 0.80546875 0.8638888888888889 0.3765625 0.25
3 0.7109375 0.2638888888888889 0.34375 0.5166666666666667
3 0.57265625 0.27361111111111114 0.2328125 0.4583333333333333
