1 0.48203125 0.5208333333333334 0.2609375 0.21944444444444444
2 0.48359375 0.24583333333333332 0.2859375 0.20277777777777778
2 0.3265625 0.8208333333333333 0.08125 0.33611111111111114
2 0.51640625 0.3416666666666667 0.2171875 0.18333333333333332
2 0.253125 0.3263888888888889 0.190625 0.175
2 0.4859375 0.44166666666666665 0.25625 0.13333333333333333
3 0.6453125 0.6319444444444444 0.440625 0.4583333333333333
3 0.56015625 0.14166666666666666 0.2234375 0.2833333333333333
3 0.1203125 0.5597222222222222 0.240625 0.5083333333333333
3 0.15859375 0.1986111111111111 0.2921875 0.3416666666666667
